300,'5174',818,,315,4,,,0,115,,314,4,,,0,115,,316,4,,,0
300,'5175',1203,,318,4,,,0,145,,320,4,,,0,380,,319,4,,,0,115,,317,4,,,0
300,'5176',1613,,321,4,,,0
300,'5177',1613,,322,4,,,0
300,'5178',708,,327,4,,,0,110,,326,4,,,0,385,,325,4,,,0,130,,324,4,,,0,280,,323,4,,,0
300,'5179',933,,331,4,,,0,270,,328,4,,,0,130,,330,4,,,0,280,,329,4,,,0
300,'5180',1203,,334,4,,,0,255,,332,4,,,0,270,,335,4,,,0,115,,333,4,,,0
500,'5174',833,,388,2,,,0,326,,389,2,,,0
500,'5175',1356,,390,2,,,0,353,,391,3,,,0
500,'5176',1530,,392,2,,,0,323,,393,3,,,0
500,'5177',1530,,394,2,,,0,323,,395,3,,,0
500,'5178',845,,400,2,,,0,205,,397,2,,,0,161,,399,2,,,0,132,,398,3,,,0,163,,396,2,,,0
500,'5179',1016,,405,3,,,0,117,,401,3,,,0,195,,403,2,,,0,197,,404,3,,,0,131,,402,3,,,0
500,'5180',1356,,406,2,,,0,353,,407,3,,,0
600,'5174',659,,428,4,,,0
600,'5176',2259,,430,3,,,0
600,'5177',2259,,431,3,,,0
600,'5178',700,,434,4,,,0,130,,435,4,,,0,883,,433,3,,,0,511,,436,3,,,0
600,'5179',708,,439,4,,,0,117,,438,4,,,0,1031,,441,3,,,0
