100,117007,1,0,0
100,117021,2,0,0
100,117039,3,0,0
100,117009,4,0,0
100,117018,5,0,0
200,117000,1,0,0
200,117001,2,0,0
200,117004,3,0,0
200,117006,4,0,0
200,117007,5,1,1
201,117007,1,0,0
201,117005,2,0,0
201,117003,3,0,0
201,117002,4,0,0
201,117000,5,1,1
300,117013,1,0,0
300,117019,2,0,0
300,117035,3,0,0
300,117022,4,0,0
300,117008,5,0,0
300,117007,6,1,1
301,117007,1,0,0
301,117009,2,0,0
301,117028,3,0,0
301,117025,4,0,0
301,117013,5,1,1
400,117011,1,0,0
400,117020,2,0,0
400,117007,3,1,1
401,117007,1,0,0
401,117011,2,1,1
500,117014,1,0,0
500,117016,2,0,0
500,117022,3,0,0
500,117008,4,0,0
500,117007,5,1,1
501,117007,1,0,0
501,117009,2,0,0
501,117012,3,0,0
501,117017,4,0,0
501,117014,5,1,1
600,117014,1,0,0
600,117016,2,0,0
600,117013,3,0,0
600,117019,4,0,0
600,117035,5,0,0
600,117022,6,0,0
600,117008,7,0,0
600,117007,8,1,1
601,117007,1,0,0
601,117009,2,0,0
601,117012,3,0,0
601,117017,4,0,0
601,117014,5,0,0
601,117028,6,0,0
601,117029,7,0,0
601,117025,8,0,0
601,117013,9,0,0
701,117007,1,0,0
701,117037,2,0,0
701,117038,3,0,0
900,117026,1,0,0
900,117000,2,1,1
901,117000,1,0,0
901,117026,2,1,1
