301,'5173',757,,118,4,,,0,159,,119,4,,,0,119,,117,4,,,0,277,,116,4,,,0,125,,113,4,,,0,115,,112,4,,,0,155,,114,4,,,0,115,,115,4,,,0
301,'5174',757,,337,4,,,0,156,,336,4,,,0,112,,338,4,,,0
301,'5175',1141,,340,4,,,0,184,,342,4,,,0,380,,341,4,,,0,117,,339,4,,,0
301,'5176',1552,,343,4,,,0
301,'5177',1552,,344,4,,,0
301,'5178',648,,349,4,,,0,111,,348,4,,,0,383,,347,4,,,0,170,,346,4,,,0,241,,345,4,,,0
301,'5179',912,,353,4,,,0,230,,352,4,,,0,170,,350,4,,,0,240,,351,4,,,0
301,'5180',1141,,356,4,,,0,294,,354,4,,,0,270,,357,4,,,0,117,,355,4,,,0
601,'5173',2015,,197,4,,,0,201,,199,4,,,0
601,'5176',2005,,443,4,,,0,214,,444,4,,,0
601,'5177',2005,,445,4,,,0,214,,446,4,,,0
601,'5178',1633,,450,4,,,0,381,,448,4,,,0,132,,451,4,,,0
601,'5179',1816,,455,4,,,0,199,,454,4,,,0
