1,100,'5173',11,12,13,14,15
1,100,'5174',209,210,211
1,100,'5175',212,213
1,100,'5178',214,215,216,217,218
1,100,'5179',219,220,221,222,223
1,100,'5180',224,225
2,200,'5173',41,42,43,44,45,46,47,48,49
2,200,'5174',226,227,228,229,230
2,200,'5175',231,232,233
2,200,'5176',234,235,236
2,200,'5177',237,238,239
2,200,'5178',240,241,242,243,244,245,246,247,248,249,250,251,252,253,254,255,256,257,258
2,200,'5179',259,260,261,262,263,264,265,266
2,200,'5180',267,268,269
2,201,'5173',75,76,77,78,79,80,81,82,83
2,201,'5174',270,271,272,273,274
2,201,'5175',275,276,277
2,201,'5176',278,279,280
2,201,'5177',281,282,283
2,201,'5178',284,285,286,287,288,289,290,291,292,293,294,295,296,297,298,299,300,301,302
2,201,'5179',303,304,305,306,307,308,309,310
2,201,'5180',311,312,313
3,300,'5173',94,95,96,97,98,99,100,101
3,300,'5174',314,315,316
3,300,'5175',317,318,319,320
3,300,'5176',321
3,300,'5177',322
3,300,'5178',323,324,325,326,327
3,300,'5179',328,329,330,331
3,300,'5180',332,333,334,335
3,301,'5173',112,113,114,115,116,117,118,119
3,301,'5174',336,337,338
3,301,'5175',339,340,341,342
3,301,'5176',343
3,301,'5177',344
3,301,'5178',345,346,347,348,349
3,301,'5179',350,351,352,353
3,301,'5180',354,355,356,357
4,400,'5173',129,130,131
4,400,'5175',358,359,360
4,400,'5178',361,362,363,364,365
4,400,'5179',366,367,368,369
4,400,'5180',370,371,372
4,401,'5173',141,142,143
4,401,'5175',373,374,375
4,401,'5178',376,377,378,379,380
4,401,'5179',381,382,383,384
4,401,'5180',385,386,387
5,500,'5173',154,155,156,157,158,159
5,500,'5174',388,389
5,500,'5175',390,391
5,500,'5176',392,393
5,500,'5177',394,395
5,500,'5178',396,397,398,399,400
5,500,'5179',401,402,403,404,405
5,500,'5180',406,407
5,501,'5173',170,171,172,173,174,175
5,501,'5174',408,409
5,501,'5175',410,411
5,501,'5176',412,413
5,501,'5177',414,415
5,501,'5178',416,417,418,419,420
5,501,'5179',421,422,423,424,425
5,501,'5180',426,427
6,600,'5173',185,186,187
6,600,'5174',428
6,600,'5176',429,430
6,600,'5177',431,432
6,600,'5178',433,434,435,436,437
6,600,'5179',438,439,440,441
6,601,'5173',197,198,199
6,601,'5174',442
6,601,'5176',443,444
6,601,'5177',445,446
6,601,'5178',447,448,449,450,451
6,601,'5179',452,453,454,455
7,701,'5173',206,207,208
7,701,'5174',456
7,701,'5175',457,458
7,701,'5178',459,460,461
7,701,'5179',462,463,464
7,701,'5180',465,466
9,900,'5174',467
9,900,'5175',468
9,900,'5178',469,470
9,900,'5179',471,472
9,900,'5180',473
9,901,'5174',474
9,901,'5175',475
9,901,'5178',476,477
9,901,'5179',478,479
9,901,'5180',480
