200,'5173',559,,49,1,,,0,181,,46,1,,,0,200,,47,1,,,0,200,,48,1,,,0,200,,45,1,,,0,200,,43,1,,,0,200,,42,1,,,0,200,,41,1,,,0,200,,44,1,,,0
200,'5174',600,,226,1,,,0,138,,227,1,,,0,213,,230,1,,,0,149,,228,1,,,0,140,,229,1,,,0
200,'5175',1425,,231,1,,,0,185,,232,1,,,0,323,,233,1,,,0
200,'5176',1658,,234,1,,,0,92,,235,1,,,0,390,,236,1,,,0
200,'5177',1658,,237,1,,,0,92,,238,1,,,0,360,,239,1,,,0
200,'5178',602,,248,1,,,0,138,,241,1,,,0,175,,245,1,,,0,42,,257,1,,,0,49,,243,1,,,0,94,,246,1,,,0,16,,247,1,,,0,7,,244,1,,,0,117,,252,1,,,0,5,,249,1,,,0,85,,253,1,,,0,95,,250,1,,,0,92,,254,1,,,0,28,,258,1,,,0,65,,251,1,,,0,115,,256,1,,,0,30,,255,1,,,0,183,,240,1,,,0,175,,242,1,,,0
200,'5179',949,,261,1,,,0,151,,259,1,,,0,140,,260,1,,,0,185,,265,1,,,0,190,,263,1,,,0,185,,262,1,,,0,135,,264,1,,,0,180,,266,1,,,0
200,'5180',1425,,267,1,,,0,185,,268,1,,,0,323,,269,1,,,0
201,'5173',557,,83,5,4,,0,175,,80,5,4,,0,188,,81,5,4,,0,200,,82,5,4,,0,200,,79,5,4,,0,200,,77,5,4,,0,200,,75,5,4,,0,210,,76,5,4,,0,200,,78,5,4,,0
201,'5174',553,,270,5,4,,0,173,,272,5,4,,0,183,,274,5,4,,0,141,,271,5,4,,0,180,,273,5,4,,0
201,'5175',1417,,275,5,4,,0,110,,276,5,4,,0,398,,277,5,4,,0
201,'5176',1655,,278,5,4,,0,85,,279,5,4,,0,390,,280,5,4,,0
201,'5177',1655,,281,5,4,,0,85,,282,5,4,,0,360,,283,5,4,,0
201,'5178',553,,294,5,4,,0,175,,285,5,4,,0,172,,301,5,4,,0,16,,288,5,4,,0,87,,286,5,4,,0,47,,290,5,4,,0,62,,291,2,4,,0,8,,289,5,4,,0,111,,293,5,4,,0,11,,292,5,4,,0,86,,297,5,4,,0,87,,299,5,4,,0,93,,302,5,4,,0,6,,295,5,4,,0,86,,296,5,4,,0,120,,298,5,4,,0,20,,300,2,4,,0,185,,284,5,4,,0,175,,287,5,4,,0
201,'5179',905,,303,5,4,,0,143,,304,5,4,,0,182,,305,5,4,,0,110,,310,5,4,,0,260,,307,5,4,,0,148,,306,5,4,,0,179,,308,5,4,,0,183,,309,5,4,,0
201,'5180',1417,,311,5,4,,0,110,,312,5,4,,0,398,,313,5,4,,0
900,'5174',946,,467,2,4,,0
900,'5175',1602,,468,2,4,,0
900,'5178',952,,469,2,4,,0,589,,470,2,4,,0
900,'5179',946,,471,2,4,,0,470,,472,2,4,,0
900,'5180',1602,,473,2,4,,0
901,'5174',915,,474,1,,,0
901,'5175',1531,,475,1,,,0
901,'5178',922,,477,1,,,0,589,,476,1,,,0
901,'5179',915,,478,1,,,0,430,,479,1,,,0
901,'5180',1531,,480,1,,,0
