301,'5173',753,,118,3,,,0,159,,119,3,,,0,119,,117,3,,,0,277,,116,3,,,0,125,,113,3,,,0,115,,112,3,,,0,155,,114,3,,,0,115,,115,3,,,0
301,'5174',753,,337,3,,,0,156,,336,3,,,0,112,,338,3,,,0
301,'5175',1137,,340,3,,,0,184,,342,3,,,0,380,,341,3,,,0,117,,339,3,,,0
301,'5176',1548,,343,3,,,0
301,'5177',1548,,344,3,,,0
301,'5178',644,,349,3,,,0,111,,348,3,,,0,383,,347,3,,,0,170,,346,3,,,0,241,,345,3,,,0
301,'5179',908,,353,3,,,0,230,,352,3,,,0,170,,350,3,,,0,240,,351,3,,,0
301,'5180',1137,,356,3,,,0,294,,354,3,,,0,270,,357,3,,,0,117,,355,3,,,0
601,'5173',649,,198,5,,,0,1362,,197,3,,,0,201,,199,3,,,0
601,'5174',643,,442,5,,,0
601,'5176',2001,,443,3,,,0,214,,444,3,,,0
601,'5177',2001,,445,3,,,0,214,,446,3,,,0
601,'5178',646,,447,6,,,0,170,,449,6,,,0,813,,450,3,,,0,381,,448,3,,,0,132,,451,3,,,0
601,'5179',654,,452,6,,,0,155,,453,6,,,0,1003,,455,3,,,0,199,,454,3,,,0
