500,'5173',846,,158,1,,,0,281,,157,1,,,0,101,,156,1,,,0,209,,159,1,,,0,183,,154,1,,,0,198,,155,1,,,0
500,'5174',824,,388,1,,,0,326,,389,1,,,0
500,'5175',1347,,390,1,,,0,302,,391,1,,,0
500,'5176',1521,,392,1,,,0,312,,393,1,,,0
500,'5177',1521,,394,1,,,0,312,,395,1,,,0
500,'5178',836,,400,1,,,0,205,,397,1,,,0,161,,399,1,,,0,121,,398,1,,,0,134,,396,1,,,0
500,'5179',956,,405,1,,,0,157,,401,1,,,0,206,,403,1,,,0,186,,404,1,,,0,131,,402,1,,,0
500,'5180',1347,,406,1,,,0,302,,407,1,,,0
501,'5173',846,,175,4,4,,0,281,,172,4,4,,0,101,,173,4,4,,0,209,,174,4,4,,0,183,,170,4,4,,0,198,,171,4,4,,0
501,'5174',824,,408,4,4,,0,326,,409,4,4,,0
501,'5175',1347,,410,4,4,,0,302,,411,4,4,,0
501,'5176',1521,,412,4,4,,0,312,,413,4,4,,0
501,'5177',1521,,414,4,4,,0,312,,415,4,4,,0
501,'5178',836,,420,4,4,,0,205,,416,4,4,,0,161,,419,4,4,,0,121,,418,4,4,,0,134,,417,4,4,,0
501,'5179',956,,424,4,4,,0,157,,421,4,4,,0,206,,425,4,4,,0,186,,422,4,4,,0,131,,423,4,4,,0
501,'5180',1347,,426,4,4,,0,302,,427,4,4,,0
600,'5173',2035,,187,1,,,0,201,,185,1,,,0
600,'5176',2025,,429,1,,,0,214,,430,1,,,0
600,'5177',2025,,432,1,,,0,214,,431,1,,,0
600,'5178',1653,,433,1,,,0,381,,437,1,,,0,170,,436,1,,,0
600,'5179',1836,,441,1,,,0,199,,440,1,,,0
601,'5173',640,,198,4,,,0,1395,,197,7,4,,0,201,,199,7,4,,0
601,'5174',634,,442,4,,,0
601,'5176',2025,,443,7,4,,0,214,,444,7,4,,0
601,'5177',2025,,445,7,4,,0,214,,446,7,4,,0
601,'5178',637,,447,5,,,0,170,,449,5,,,0,846,,450,7,4,,0,381,,448,7,4,,0,170,,451,7,4,,0
601,'5179',645,,452,5,,,0,155,,453,5,,,0,1036,,455,7,4,,0,199,,454,7,4,,0
