300,'4327',925,,87,1,,,0,230,,85,1,,,0,170,,86,1,,,0,280,,84,1,,,0
300,'5169',700,,90,1,,,0,110,,92,1,,,0,232,,88,1,,,0,115,,89,1,,,0,168,,91,1,,,0,280,,93,1,,,0
300,'5173',812,,100,1,,,0,115,,101,1,,,0,118,,99,1,,,0,282,,98,1,,,0,125,,95,1,,,0,154,,96,1,,,0,116,,94,1,,,0,113,,97,1,,,0
301,'4327',915,,105,5,4,,0,232,,104,5,4,,0,170,,102,5,4,,0,240,,103,5,4,,0
301,'5169',653,,108,5,4,,0,150,,110,5,4,,0,229,,106,5,4,,0,117,,107,5,4,,0,168,,109,5,4,,0,240,,111,5,4,,0
301,'5173',802,,118,5,4,,0,119,,119,5,4,,0,119,,117,5,4,,0,277,,116,5,4,,0,125,,113,5,4,,0,115,,112,5,4,,0,155,,114,5,4,,0,115,,115,5,4,,0
600,'4327',659,,176,1,,,0,184,,177,1,,,0
600,'5169',651,,180,1,,,0,194,,181,1,,,0
600,'5173',657,,186,1,,,0
601,'4327',659,,188,8,4,,0,184,,189,8,4,,0,977,,190,5,,,0,205,5,191,5,,,0
601,'5169',649,,192,8,4,,0,194,,194,8,4,,0,988,2,195,5,,,0,195,2,196,5,,,0,200,2,193,5,,,0
601,'5173',655,,198,7,4,,0,1368,2,197,5,,,0,201,2,199,5,,,0
