300,'5174',814,,315,2,,,0,115,,314,2,,,0,115,,316,2,,,0
300,'5175',1159,,318,2,,,0,185,,320,2,,,0,380,,319,2,,,0,115,,317,2,,,0
300,'5176',1609,,321,2,,,0
300,'5177',1609,,322,2,,,0
300,'5178',704,,327,2,,,0,110,,326,2,,,0,345,,325,2,,,0,170,,324,2,,,0,280,,323,2,,,0
300,'5179',929,,331,2,,,0,230,,328,2,,,0,170,,330,2,,,0,280,,329,2,,,0
300,'5180',1159,,334,2,,,0,295,,332,2,,,0,270,,335,2,,,0,115,,333,2,,,0
600,'5174',655,,428,2,,,0
600,'5178',656,,434,2,,,0,170,,435,2,,,0
600,'5179',704,,439,2,,,0,117,,438,2,,,0
