501,'5173',828,,175,2,,,0,281,,172,2,,,0,101,,173,2,,,0,219,,174,3,,,0,183,,170,3,,,0,198,,171,3,,,0
501,'5174',806,,408,2,,,0,326,,409,2,,,0
501,'5175',1329,,410,2,,,0,312,,411,3,,,0
501,'5176',1513,,412,3,,,0,312,,413,3,,,0
501,'5177',1513,,414,3,,,0,312,,415,3,,,0
501,'5178',829,,420,3,,,0,205,,416,3,,,0,112,,419,2,,,0,170,,418,3,,,0,134,,417,3,,,0
501,'5179',949,,424,3,,,0,157,,421,3,,,0,206,,425,3,,,0,146,,422,3,,,0,171,,423,3,,,0
501,'5180',1329,,426,2,,,0,312,,427,3,,,0
601,'5173',634,,198,3,,,0,1395,,197,6,,,0,201,,199,6,,,0
601,'5174',628,,442,3,,,0
601,'5176',2019,,443,6,,,0,214,,444,6,,,0
601,'5177',2019,,445,6,,,0,214,,446,6,,,0
601,'5178',619,,447,3,,,0,130,,449,3,,,0,898,,450,6,,,0,381,,448,6,,,0,130,,451,6,,,0
601,'5179',627,,452,3,,,0,115,,453,3,,,0,1088,,455,6,,,0,199,,454,6,,,0
