100,'4327',719,,3,1,0,5 6,0,17,,3,6,4,,0,269,,2,1,0,5 6,0,17,,2,6,4,,0,183,,1,1,0,5 6,0,17,,1,6,4,,0,183,,5,1,0,5 6,0,17,,5,6,4,,0,181,,4,1,0,5 6,0,17,,4,6,4,,0
100,'5173',802,,12,1,0,5 6,0,18,,12,6,4,,0,182,,13,1,0,5 6,0,18,,13,6,4,,0,190,,11,1,0,5 6,0,18,,11,6,4,,0,177,,15,1,0,5 6,0,18,,15,6,4,,0,200,,14,1,0,5 6,0,18,,14,6,4,,0
200,'4327',1000,,18,5,4,,0,200,,16,5,4,,0,200,,17,5,4,,0,200,,19,5,4,,0,200,,20,5,4,,0,200,,21,5,4,,0
200,'5173',619,,49,5,4,,0,181,,46,5,4,,0,200,,47,5,4,,0,200,,48,5,4,,0,200,,45,5,4,,0,200,,43,5,4,,0,200,,42,5,4,,0,200,,41,5,4,,0,200,,44,5,4,,0
201,'4327',905,,52,1,,,0,200,,50,1,,,0,205,,53,1,,,0,195,,51,1,,,0,200,,54,1,,,0,200,,55,1,,,0
201,'5173',537,,83,1,,,0,175,,80,1,,,0,188,,81,1,,,0,200,,82,1,,,0,200,,79,1,,,0,200,,77,1,,,0,200,,75,1,,,0,210,,76,1,,,0,200,,78,1,,,0
300,'4327',941,,87,6,4,,0,270,,85,6,4,,0,130,,86,6,4,,0,280,,84,6,4,,0
300,'5173',828,,100,6,4,,0,115,,101,6,4,,0,158,,99,6,4,,0,242,,98,6,4,,0,165,,95,6,4,,0,114,,96,6,4,,0,116,,94,6,4,,0,113,,97,6,4,,0
301,'4327',900,,105,1,,,0,232,,104,1,,,0,170,,102,1,,,0,240,,103,1,,,0
301,'5173',747,,118,1,,,0,159,,119,1,,,0,119,,117,1,,,0,277,,116,1,,,0,125,,113,1,,,0,115,,112,1,,,0,115,,114,1,,,0,155,,115,1,,,0
400,'4327',620,,123,3,4,,0,505,,121,3,4,,0,202,,122,3,4,,0,210,,120,3,4,,0
400,'5173',1050,,131,3,4,,0,371,,130,3,4,,0,109,,129,3,4,,0
401,'4327',547,,135,1,,,0,508,,133,1,,,0,202,,134,1,,,0,245,,132,1,,,0
401,'5173',1025,,143,1,,,0,328,,142,1,,,0,147,,141,1,,,0
500,'4327',1013,,148,4,4,,0,44,,144,4,4,,0,196,,147,4,4,,0,204,,145,4,4,,0,246,,146,5,4,,0
500,'5173',902,,158,4,4,,0,241,,157,4,4,,0,101,,156,4,4,,0,209,,159,4,4,,0,194,,154,5,4,,0,198,,155,5,4,,0
501,'4327',944,,164,1,,,0,84,,160,1,,,0,186,,163,1,,,0,214,,161,1,,,0,195,,162,1,,,0
501,'5173',822,,175,1,,,0,281,,172,1,,,0,101,,173,1,,,0,219,,174,1,,,0,183,,170,1,,,0,198,,171,1,,,0
600,'4327',714,,176,6,4,,0,144,,177,6,4,,0,1001,,178,5,4,,0,245,,179,5,4,,0
600,'5173',712,,186,6,4,,0,1390,,187,5,4,,0,149,,185,3,4,,0
601,'4327',620,,188,1,,,0,184,,189,1,,,0,1000,,190,1,,,0,200,,191,1,,,0
601,'5173',628,,198,1,,,0,1377,,197,1,,,0,201,,199,1,,,0
701,'4327',739,,202,1,0,7 8,0,61,,202,4,4,,0,435,,201,1,0,7 8,0,21,,201,4,4,,0,183,,200,1,0,7 8,0,61,,200,4,4,,0
701,'5173',833,,208,1,0,7 8,0,21,,208,4,4,,0,377,,206,1,0,7 8,0,21,,206,4,4,,0,493,,207,1,0,7 8,0,61,,207,4,4,,0
