100,'4327',725,,3,4,,,0,286,,2,4,,,0,200,,1,4,,,0,200,,5,4,,,0,198,,4,4,,,0
100,'5169',724,,7,4,,,0,182,,8,4,,,0,96,,6,4,,,0,243,,10,4,,,0,366,,9,4,,,0
100,'5173',808,,12,4,,,0,200,,13,4,,,0,208,,11,4,,,0,195,,15,4,,,0,218,,14,4,,,0
301,'4327',902,,105,2,,,0,232,,104,2,,,0,170,,102,2,,,0,240,,103,2,,,0
301,'5169',640,,108,2,,,0,110,,110,2,,,0,269,,106,2,,,0,117,,107,2,,,0,168,,109,2,,,0,240,,111,2,,,0
301,'5173',749,,118,2,,,0,159,,119,2,,,0,119,,117,2,,,0,277,,116,2,,,0,125,,113,2,,,0,115,,112,2,,,0,115,,114,2,,,0,155,,115,2,,,0
501,'4327',946,,164,2,,,0,84,,160,2,,,0,400,,161,2,,,0,195,,162,2,,,0
501,'5169',716,,165,2,,,0,114,,166,2,,,0,589,,167,2,,,0,206,,169,2,,,0
501,'5173',1425,,174,2,,,0,183,,170,2,,,0,198,,171,2,,,0
601,'4327',622,,188,2,,,0,184,,189,2,,,0,1000,,190,2,,,0,200,,191,2,,,0
601,'5169',612,,192,2,,,0,194,,194,2,,,0,1009,,195,2,,,0,195,,196,2,,,0,200,,193,2,,,0
601,'5173',630,,198,2,,,0,1377,,197,2,,,0,201,,199,2,,,0
