300,'5173',818,,100,3,,,0,115,,101,3,,,0,118,,99,3,,,0,282,,98,3,,,0,125,,95,3,,,0,154,,96,3,,,0,116,,94,3,,,0,113,,97,3,,,0
300,'5174',816,,315,3,,,0,115,,314,3,,,0,115,,316,3,,,0
300,'5175',1201,,318,3,,,0,145,,320,3,,,0,380,,319,3,,,0,115,,317,3,,,0
300,'5176',1611,,321,3,,,0
300,'5177',1611,,322,3,,,0
300,'5178',706,,327,3,,,0,110,,326,3,,,0,385,,325,3,,,0,130,,324,3,,,0,280,,323,3,,,0
300,'5179',931,,331,3,,,0,270,,328,3,,,0,130,,330,3,,,0,280,,329,3,,,0
300,'5180',1201,,334,3,,,0,255,,332,3,,,0,270,,335,3,,,0,115,,333,3,,,0
600,'5173',703,,186,3,,,0
600,'5174',657,,428,3,,,0
600,'5178',658,,434,3,,,0,170,,435,3,,,0
600,'5179',706,,439,3,,,0,117,,438,3,,,0
