300,'5174',823,,315,5,,,0,115,,314,5,,,0,115,,316,5,,,0
300,'5175',1208,,318,5,,,0,145,,320,5,,,0,380,,319,5,,,0,115,,317,5,,,0
300,'5176',1618,,321,5,,,0
300,'5177',1618,,322,5,,,0
300,'5178',713,,327,5,,,0,110,,326,5,,,0,385,,325,5,,,0,130,,324,5,,,0,280,,323,5,,,0
300,'5179',938,,331,5,,,0,270,,328,5,,,0,130,,330,5,,,0,280,,329,5,,,0
300,'5180',1208,,334,5,,,0,295,,332,5,,,0,230,,335,5,,,0,115,,333,5,,,0
500,'5174',837,,388,3,,,0,366,,389,3,,,0
500,'5175',1400,,390,3,,,0,313,,391,4,,,0
500,'5176',1534,,392,3,,,0,323,,393,4,,,0
500,'5177',1534,,394,3,,,0,323,,395,4,,,0
500,'5178',849,,400,3,,,0,205,,397,3,,,0,161,,399,3,,,0,132,,398,4,,,0,163,,396,3,,,0
500,'5179',1020,,405,4,,,0,117,,401,4,,,0,195,,403,3,,,0,197,,404,4,,,0,171,,402,4,,,0
500,'5180',1400,,406,3,,,0,313,,407,4,,,0
600,'5174',703,,428,5,,,0
600,'5176',2038,,429,2,,,0,265,,430,4,,,0
600,'5177',2038,,432,2,,,0,265,,431,4,,,0
600,'5178',704,,434,5,,,0,130,,435,5,,,0,883,,433,4,,,0,330,,437,2,,,0,181,,436,4,,,0
600,'5179',712,,439,5,,,0,117,,438,5,,,0,1071,,441,4,,,0,148,,440,2,,,0
